ENTREZID	REFSEQ	Symbol	log2FC_1_T1_C1	padj_1_T1_C1	FPKM_C1_R1	FPKM_C1_R2	FPKM_C1_R3	FPKM_T1_R1	FPKM_T1_R2	FPKM_T1_R3
84069	NM_001160184	PLEKHN1	1.25498050871254	0.00944406837223661	3.35393	4.705032	4.825656	6.776582	8.486558	12.69965
27237	NM_014448	ARHGEF16	-1.16309765058169	0.031924994756953	17.705349	21.939253	34.724541	12.766631	9.594607	9.556401
7161	NM_001204192	TP73	-2.22142704012839	0.00953464703317812	1.923652	2.518263	4.320307	1.256183	0.197796	0.359369
8514	NM_001199863	KCNAB2	-1.47864732770448	0.0456669574603751	2.726873	4.666036	6.313399	2.566288	1.013307	0.568321
26038	NM_015557	CHD5	5.73773950257815	0.0157353492988696	0	0	0	0.066963	0.058315	0
6518	NM_001135585	SLC2A5	2.44715950797045	0.00809191109177844	0.34422	0.608467	0.377624	3.292669	2.073684	1.84241
79727	NM_024674	LIN28A	1.30869994641508	0.0479423390475168	7.554321	3.206737	4.212497	14.430354	9.027189	11.6696
65108	NR_052852	MARCKSL1	1.0417357507625	0.00808547559545604	34.27528	22.236565	24.215055	58.549603	42.841393	57.132065
2709	NM_005268	GJB5	1.04256217318928	0.0375979014025754	50.09314	50.468887	24.990215	56.99873	90.770027	99.339561
728431	NR_038842	LINC01137	-1.10620663446903	0.00823006111862548	4.210601	3.311332	3.190065	1.594745	1.656501	1.49557
9783	NM_014747	RIMS3	1.27365797443203	0.00349109751860266	1.141055	0.759796	0.899915	1.703802	2.006625	2.765675
6513	NM_006516	SLC2A1	1.81497015703736	0.00105656298714098	57.280556	66.850998	41.939438	132.023026	214.215714	215.149689
81888	NM_001243526	HYI	3.03797436223911	2.05844883897296e-07	0.886391	0.764017	1.134365	3.460726	7.623904	10.360733
9048	NM_001136215	ARTN	2.49760904424179	0.00186043454537207	2.317842	1.946221	1.762988	2.396992	15.355467	13.650291
84793	NR_026878	FOXD2-AS1	-1.49177864852847	0.00295346884420562	1.04187	1.324213	1.342736	0.37781	0.471734	0.426264
54596	NM_001164835	L1TD1	1.7991151895008	0.0140931978750946	0.703032	0.302409	0.310655	1.857282	1.061292	1.459475
163782	NM_181712	KANK4	3.84276890125191	1.73697760470921e-07	0.35348	0.529926	0.159462	2.927027	4.599067	6.976273
10561	NM_006417	IFI44	1.38962301898533	0.0370642220879907	0.728963	0.480672	1.08734	1.413323	2.503018	3.765837
57489	NM_020729	ODF2L	1.08164285151411	0.00780224198020453	4.502735	2.773025	2.269127	6.485421	8.01108	7.631377
7049	NR_036634	TGFBR3	-1.75109539668079	0.01038458647237	1.184788	1.264493	2.672083	0.910784	0.316756	0.236668
2152	NM_001178096	F3	3.3978654545688	0.000690560075788418	39.962032	30.534586	10.454822	72.168236	363.35849	344.486572
1806	NM_001160301	DPYD	-2.07796017168804	0.00715645151528742	7.046074	4.89523	7.803572	2.288474	1.544092	0.730503
2948	NR_024538	GSTM4	-1.19818770773739	0.00288464167231703	7.383764	7.939643	7.74685	4.37575	2.889342	2.297421
1435	NM_172210	CSF1	-2.16407090707847	5.35603406450509e-07	6.408891	7.683316	10.209722	2.078421	1.570081	1.248897
554282	NM_001287385	FAM72C	-1.03192907591719	0.0315847712019873	10.829735	6.297611	5.317472	3.444383	4.072456	2.891613
8515	NM_003637	ITGA10	-3.34777244116026	4.66589400009e-06	1.342643	0.889222	3.02092	0.339602	0.063894	0.073709
8349	NM_003528	HIST2H2BE	-2.05986843808331	0.00985560829569846	2.386026	5.522633	1.694474	0.936356	0.569374	0.693113
100422997	NR_036211	MIR4257	-1.39921399021787	0.0405498042601815	2.746777	1.58519	7.277539	1.608911	0.830712	0.65814
57530	NM_020770	CGN	1.21277286858847	0.0479423390475168	2.690539	1.57723	2.060034	5.561738	3.570008	4.858602
6281	NM_002966	S100A10	1.10337473073554	0.0218050677368329	936.861694	889.432739	454.891571	1320.755371	1508.02478	1843.650879
54544	NM_019060	CRCT1	8.53237455941031	0.00786731428208433	0	0	0	0.199689	3.967707	8.1878
4582	NM_002456	MUC1	2.14713749164046	0.00112943298990787	23.498913	27.067446	23.812893	68.355469	129.107498	123.180771
89886	NM_001146173	SLAMF9	3.61677628579351	4.99549652908701e-09	7.209336	13.04171	2.813267	112.755844	164.376099	246.898911
100505633	NR_038849	LINC01133	2.94567465214664	8.57662556328299e-06	9.446957	8.526141	3.767957	24.485697	56.291039	77.989868
26052	NM_015569	DNM3	-1.64970359030124	0.0428666661178965	0.321194	0.275446	1.083109	0.151162	0.13746	0.088797
23179	NM_001297671	RGL1	-1.67788906737285	0.0218565944012142	1.028049	0.657534	1.597391	0.401988	0.323404	0.206941
3075	NM_000186	CFH	-1.77127957086075	0.0477510480971094	1.081532	0.933328	2.750189	0.735765	0.582125	0.15277
23046	NM_001252100	KIF21B	-1.26571785129658	0.00862122139605708	1.660131	1.086772	0.719814	0.438794	0.485358	0.364669
376693	NR_026667	RPS10P7	-1.96856019076264	0.000624219969300752	9.654618	7.717292	8.651384	2.604821	2.077866	1.607431
100302158	NR_031599	MIR1231	1.20410983671059	0.0272512101359419	7.495972	7.110345	2.799752	8.950598	13.053967	12.712735
8497	NM_001304331	PPFIA4	2.21264979472374	0.000839823599989072	0.53118	0.503992	0.795313	1.760788	2.593632	4.702632
1116	NM_001276	CHI3L1	-23.5566419968466	1.2407790934987e-05	0	0	10.93766	0	0	0
493	NM_001001396	ATP2B4	1.02096922977898	4.49440745500204e-06	9.310399	7.615564	6.009697	14.49536	13.840961	16.270859
338382	NM_001304839	RAB7B	-1.64693091563295	0.02322460933807	4.853185	4.787173	3.670534	2.168466	0.982903	0.848455
79098	NM_001083924	C1orf116	1.51397800778735	0.00015328007151539	7.350008	7.964495	7.649892	13.452624	26.146399	23.176088
3290	NM_005525	HSD11B1	-1.75135673464541	0.00448788003210381	2.616359	2.099672	3.054302	1.025102	0.693286	0.449126
55061	NM_017982	SUSD4	1.84602907835379	0.0357346786070279	0.127957	0.123222	0.11304	0.30507	0.61337	0.416778
2052	NM_000120	EPHX1	-1.35141088212472	0.00370061588895303	27.862123	28.858124	58.373497	15.386328	13.125185	10.873398
56997	NM_020247	COQ8A	-1.21482033450651	0.034547627702184	20.924416	24.232643	37.942303	18.442862	8.517159	7.630581
200150	NM_001195811	PLD5	3.13071759593556	0.00230547339736454	3.837544	3.511055	1.369657	15.735183	27.818129	29.445684
116228	NM_001312872	COX20	1.09483788512323	0.0287376576798811	12.557246	10.148503	6.908033	19.173283	21.890057	19.551085
3422	NM_001317955	IDI1	1.3385207725933	0.0183793660828354	10.169409	5.938176	3.52838	10.760448	19.810652	15.500981
100216001	NR_024475	MANCR	3.65901884594427	0.00786465799962872	0.104195	0.148692	0	0.364621	1.802474	1.509544
1645	NM_001353	AKR1C1	-1.44860563691567	0.00127989606487875	63.462559	67.977318	131.603775	36.221752	30.34783	26.974649
1646	NM_001135241	AKR1C2	-2.20968782068989	9.85082172714172e-06	33.83503	32.912079	157.471344	14.279393	9.281684	7.888652
8644	NM_001253909	AKR1C3	-1.91204640009315	5.26606782238409e-05	57.860321	62.712296	140.013123	28.163025	20.637125	18.343773
222389	NM_001100912	BEND7	-1.75286318537289	0.0150192320559733	1.039532	1.389216	2.604613	0.547687	0.619398	0.320823
84898	NM_001282736	PLXDC2	-1.02656364088214	0.0255791339230421	1.379413	1.160893	1.317771	0.883232	0.457159	0.474394
219670	NR_072992	ENKUR	2.6805090763901	9.86785109908333e-06	1.384143	1.397742	1.411382	6.645115	9.143366	11.940967
79896	NM_024838	THNSL1	-1.85882724342548	0.00115573054235598	2.174479	1.608424	2.312929	0.723128	0.50793	0.370596
288	NM_001204403	ANK3	-1.26736861298663	0.0255686222485738	1.937789	1.588268	1.905387	0.60674	1.034064	0.37385
305	NR_001446	ANXA2P3	2.37160079332878	0.0145312360822558	0.717424	0.177549	0.130171	1.138521	1.620497	2.195926
80312	NM_030625	TET1	1.541928497046	0.0204839159479864	0.139312	0.09863	0.119102	0.287945	0.312676	0.397956
170384	NM_001284194	FUT11	1.37159620492633	0.00133220120043912	7.79572	7.330984	4.931104	14.323668	14.877358	16.333706
6441	NM_003019	SFTPD	-5.06203429500461	0.00306395573527211	0.621683	0.550288	6.052826	0.179824	0	0
119385	NM_133447	AGAP11	-1.02876658146673	0.0446756899648311	58.839958	116.379593	153.76091	72.069527	30.846113	53.515579
401647	NM_001010917	GOLGA7B	1.68655281121361	0.0210081305204154	0.339018	0.538552	0.259416	0.718775	1.319508	1.486337
1244	NM_000392	ABCC2	-1.71017208521875	0.0139723150587927	2.181504	1.278042	3.011151	0.651247	0.662396	0.576239
259217	NM_025015	HSPA12A	-1.48389252591287	0.0029275768472438	1.2308	1.328761	1.084308	0.543341	0.36665	0.334799
9679	NM_014661	FAM53B	-1.11868416257099	0.00351578236839246	4.612761	6.628631	9.072622	3.765733	2.621429	2.696775
256536	NM_174937	TCERG1L	6.76032754358561	0.0484851574480266	0	0	0	0.268558	0.107386	0.95455
8519	NM_003641	IFITM1	-1.15311181120449	0.0166330172422509	510.208221	717.139587	1195.897339	362.605713	323.613739	344.392944
8045	NM_001143994	RASSF7	1.26111209061097	0.0281989804622289	12.141294	17.460526	20.12192	22.634363	41.157417	51.072899
406992	NR_029623	MIR210	1.85298046185176	0.0461159140877622	1.846855	2.953356	7.02043	9.632812	10.502645	20.513121
1028	NM_001122631	CDKN1C	1.79978931845546	0.0134713441629863	28.990944	32.379704	11.371495	111.074875	53.843563	79.10202
10346	NM_001199573	TRIM22	-1.49304291432281	0.00590777132787925	3.628338	2.064495	4.776526	1.414714	1.277197	0.721458
51700	NR_126508	CYB5R2	-1.47732298789425	0.0331816953802846	13.892279	9.048803	3.491922	1.696116	2.360505	5.04265
10335	NM_001100167	MRVI1	1.87916654888516	0.00974520483234323	0.105186	0.076156	0.092093	0.372202	0.235993	0.368518
6289	NM_030754	SAA2	-2.51467137775608	2.61690424915131e-06	96.526115	81.029854	163.640228	18.105604	15.455861	26.262875
6288	NM_001178006	SAA1	-1.99463089359888	0.00184182279376891	254.771439	243.354843	401.263794	68.676765	54.264839	99.614265
4005	NM_005574	LMO2	-1.90413305537146	0.00172199822459709	4.374074	5.029896	8.501612	0.62386	1.566585	2.082229
9537	NM_001258320	TP53I11	1.13711407190556	0.00398429878007025	4.537119	4.107182	3.517329	7.473496	8.012962	9.796228
120071	NM_001300721	LARGE2	-1.17856802325771	0.0180096648907957	7.954252	9.380976	13.271242	4.62791	3.633508	3.881764
8501	NM_001198810	SLC43A1	-1.30452856987345	0.00399640369778286	3.70629	2.663462	3.251568	1.638849	0.813958	1.224887
9246	NM_198183	UBE2L6	-1.06084718885058	0.00923597305490562	19.720482	26.346008	31.260935	12.130234	11.21187	11.28036
6809	NM_001178040	STX3	1.31827954551753	0.0131765075830092	1.603221	1.053451	2.286289	2.887321	4.017441	4.903214
113157	NR_002775	RPLP0P2	1.75214360693762	0.0199242088555831	0.229548	0.170347	0.170291	0.521404	0.77296	0.591889
5526	NM_006244	PPP2R5B	1.48065986104519	0.000886167217276586	8.325829	9.637681	9.949982	15.570166	25.089188	32.504341
693197	NR_030343	MIR612	8.97446991483715	0.00127180139799524	0.33591	0.497355	0.447698	0.256769	1.093352	32.174465
378938	NR_002819	MALAT1	3.01487581743336	0.0493748470722058	36.799698	45.297932	88.591583	73.743576	396.393372	876.306519
8061	NR_125339	FOSL1	1.47176004291677	0.0167748335051304	48.850723	45.974987	19.141188	55.725597	130.982956	108.940536
5091	NM_001040716	PC	-1.00658291523998	0.00393839390570611	26.103712	31.684431	28.788902	19.713797	10.881313	10.834383
102465518	NR_106920	MIR6860	-1.57169276963469	0.0138212112441566	1.05015	1.89536	1.410943	0.724819	0.187731	0.414179
23529	NM_001166212	CLCF1	1.98266532417442	0.003504743016889	5.408854	5.016902	1.886099	5.415121	20.167944	20.92782
1374	NM_001876	CPT1A	-1.2765079003764	2.13762340375978e-06	25.670944	26.858686	24.828053	10.54095	11.806116	8.138239
2352	NM_000804	FOLR3	3.37565032589377	0.0268401281316774	0.400131	0.318952	0.229141	0.355016	5.185454	4.729657
4647	NM_001127180	MYO7A	7.03478725046022	9.54309474075685e-05	0	0	0	0.128232	0.067454	0.205389
8322	NM_012193	FZD4	-1.31229037119499	0.00719341571718712	0.751592	0.886249	0.897921	0.419995	0.312074	0.248401
120114	NM_001008781	FAT3	6.51728307295048	0.0181385876557593	0	0	0	0.035062	0.029585	0.041957
57562	NM_020802	CEP126	-1.38820049515815	0.00318001076872903	1.312083	1.139953	1.917336	0.715989	0.575307	0.315877
834	NM_033293	CASP1	-1.00363105938395	0.00671530132562879	18.60491	18.929312	25.70927	11.05163	12.011718	10.780825
114769	NM_052889	CARD16	-1.4903482360501	0.0427296708946308	5.589935	4.807151	9.129353	2.544803	2.618686	1.46764
4837	NM_006169	NNMT	-2.06924584692618	0.000808431738613177	112.725731	144.82399	388.200012	73.321159	42.029007	35.538181
4162	NM_006500	MCAM	-1.30601495308237	1.07622485649288e-06	6.227276	8.139554	7.328414	3.091315	2.745145	2.518517
2313	NM_001271010	FLI1	-1.63869226562551	1.27220262903837e-05	9.192056	6.233595	6.208373	2.067044	2.720289	1.483725
100616119	NR_039846	MIR4697	2.63598534665007	0.0252857643167929	1.945859	3.060541	2.203469	6.745711	13.179122	22.687656
22997	NM_001277285	IGSF9B	3.43172524048353	2.47910359870415e-05	0.41981	0.588011	0.465176	1.824482	8.227446	13.225158
716	NM_001734	C1S	-2.76545451534891	0.000107279945225328	4.031671	2.824725	15.148469	1.44655	0.90183	0.776715
51279	NM_001297643	C1RL	-2.39543088770473	0.0336404981623966	18.546021	22.922077	122.426247	15.414139	6.83888	5.837008
144195	NM_001286233	SLC2A14	1.46423850981497	0.00127989606487875	0.727218	0.528305	0.440613	1.556428	1.309029	1.640765
6515	NM_006931	SLC2A3	1.41453918071391	0.000527752391147362	11.548181	7.076504	6.655218	23.035101	17.784466	23.264351
8076	NR_123733	MFAP5	2.3199196144156	0.000247689582970676	0.48958	0.577419	1.601969	1.119124	9.054404	2.81572
3822	NM_002260	KLRC2	-3.30147974096035	0.0279599756414888	1.700482	1.158852	5.505588	0.798817	0	0
3821	NM_213658	KLRC1	-7.14905278214476	8.44402295643154e-05	0.591793	0.486691	1.203737	0	0	0
81575	NM_030817	APOLD1	-1.37050968563944	0.0225535945423831	1.762429	1.748929	1.929471	1.073003	0.425046	0.507951
693199	NR_030345	MIR614	1.03156969414702	0.0134637063974483	24.4576	33.762756	25.038212	43.581089	57.858902	62.826599
28234	NM_019844	SLCO1B3	1.89500740164257	0.00288464167231703	2.039931	1.397509	1.628329	5.378415	6.938948	6.213942
80763	NM_030572	SPX	-2.16030719075779	0.0373086395186493	9.015503	5.967299	6.597489	3.081072	0.773998	0.368104
79365	NM_030762	BHLHE41	-2.96732492680742	7.72727745576486e-05	1.99836	1.470258	2.102327	0.403241	0.193415	0.064215
51768	NM_016551	TM7SF3	-1.04594012002951	0.0049804393967239	27.119644	19.870483	26.475899	11.0804	12.712944	9.585325
5744	NM_002820	PTHLH	3.10124566859732	0.00902842907845512	2.864785	3.66282	2.140765	6.988664	30.335625	34.139481
79962	NM_001304944	DNAJC22	-2.02191208329533	0.0256139476678711	1.121085	0.675446	0.720676	0.270886	0.244261	0.063036
41	NM_001256830	ASIC1	-1.16205214881387	0.0106049517697265	2.024155	2.21678	3.629621	1.21356	1.058338	1.267459
25840	NM_014033	METTL7A	-1.78690879719318	0.00176137462447522	12.66315	10.389696	13.827676	6.013167	2.326941	1.940795
3164	NM_002135	NR4A1	-2.31791581072895	0.0166330172422509	1.931393	14.118518	5.373653	1.908288	0.961182	1.158901
102466193	NR_106815	MIR6757	-1.67207733045002	0.00356586401783109	8.401888	11.870858	20.889757	6.70366	3.083711	2.568213
7786	NM_006301	MAP3K12	-1.24606855671694	0.00611926051067696	3.640085	4.217081	5.530858	2.629345	1.523052	1.358152
3678	NM_002205	ITGA5	1.07315981869559	0.0144585312902622	136.401596	191.111176	118.114624	339.819763	322.161499	406.811035
27165	NM_001280796	GLS2	-2.03188311546552	0.0414201138177869	0.621857	0.682847	3.140232	0.424604	0.388558	0.210613
5557	NM_000946	PRIM1	-1.02167136227553	0.00167417270538332	23.649801	16.324783	17.469278	7.199201	11.718983	6.879267
8608	NM_003708	RDH16	-3.35783382354853	0.0477510480971094	0.269673	0.650603	1.592311	0.107335	0	0.084117
121227	NM_001136051	LRIG3	-1.35080073659267	0.0238512404294982	9.538227	8.294231	8.451607	4.111972	3.215393	2.54265
694	NM_001731	BTG1	1.06236760159469	0.0479423390475168	16.950844	24.15246	27.602905	31.556395	49.146351	58.281624
55332	NM_018370	DRAM1	-1.20658311586148	0.000696755110945909	10.427603	7.07118	8.68406	3.767812	4.045098	2.888857
6996	NM_003211	TDG	1.01075167221439	0.014118817536675	5.982331	4.266982	2.957758	6.431644	8.808924	9.97035
160428	NR_027752	ALDH1L2	-1.71317827451133	0.00932896237307682	11.943632	8.06408	3.119037	3.027504	2.008824	1.736652
92558	NM_207311	BICDL1	-1.76344706844547	0.000862203860764469	12.085007	12.131589	24.240053	6.100705	3.847539	3.718324
5027	NR_033948	P2RX7	-5.37912806155772	0.0277684279743684	0.086833	0.08519	0.099453	0	0	0
114795	NM_001286219	TMEM132B	2.07791270169533	0.00334809156765668	0.073153	0.041897	0.040019	0.160394	0.221658	0.269045
26771	NR_002574	SNORD102	-1.04917932618063	0.0468546258472986	300.530548	160.652008	308.876007	122.164024	133.037415	103.658379
241	NM_001629	ALOX5AP	-2.11958557086626	0.0126068192442783	13.877724	8.741954	2.896073	2.055285	1.055694	0.98913
10129	NM_023037	FRY	-1.79265364078284	0.000860971074521735	0.456111	0.473729	0.35314	0.125957	0.126058	0.103954
8900	NM_001111045	CCNA1	-3.23642745471545	0.000679661953561441	11.821167	4.089811	1.319111	0.776747	0.540158	0.380623
23078	NM_001009814	VWA8	-1.47977019885069	0.00406780464853032	8.839925	8.066191	10.727696	3.97134	3.169207	2.631361
2974	NR_003923	GUCY1B2	3.23940960050369	0.034060960717345	0	0	0.155412	0.321275	0.401382	0.790449
8796	NM_001160706	SCEL	1.78807994974914	0.00360653290042624	9.137742	12.15708	5.598504	23.713511	35.490257	34.17823
5095	NM_001127692	PCCA	-1.14083009292616	0.0184074173853006	9.539159	9.167438	10.852609	6.515714	3.536913	2.846812
84659	NM_032572	RNASE7	2.154453295714	1.17301923940585e-07	2.470826	2.704117	2.63619	7.457929	13.666438	12.440946
60686	NM_001282968	C14orf93	-1.04947399658069	0.0110972270477062	7.470811	7.890352	9.815947	5.023955	3.282896	2.867045
5587	NM_002742	PRKD1	-1.13696900647896	0.0303794340313308	1.881982	1.58984	2.006591	0.980532	0.471148	0.923515
112399	NM_001308103	EGLN3	2.07314314880863	1.13199338673501e-07	21.066303	34.395233	21.531559	79.03582	117.590515	116.423256
6235	NM_001032	RPS29	-1.00357933511048	0.0335238358269069	478.138916	377.985229	571.528381	193.752762	193.241425	235.360199
6029	NR_002715	RN7SL1	-1.32042113665831	0.00329903990569014	54.705887	29.505371	43.28207	13.915284	16.267487	18.396408
378706	NR_027260	RN7SL2	-1.34096844075792	0.00527352345883178	58.679245	32.511051	44.20787	14.534171	14.072357	22.105797
30001	NM_014584	ERO1A	1.48182142850652	0.000107279945225328	20.599596	17.748487	11.41813	37.953625	45.235237	49.496414
51339	NR_046095	DACT1	1.72337026861623	0.0274809377982334	0.375549	0.312034	0.251336	1.185805	0.737309	1.138395
51804	NM_017420	SIX4	-1.16858286752679	0.0055471110384612	2.732557	1.503309	1.750124	1.051799	0.843328	0.638657
5583	NM_006255	PRKCH	-1.10917946107031	0.039304407215426	3.403645	3.397647	4.911037	2.307842	1.454802	1.463748
23508	NM_015351	TTC9	1.5359842433198	0.0140931978750946	0.296497	0.480551	0.446184	0.646867	1.18385	1.621772
5228	NM_001293643	PGF	1.00928108526341	0.00253154444682591	18.907677	22.221525	14.303152	29.129736	37.78215	40.110264
5265	NM_001127701	SERPINA1	-2.11149699969836	0.00102371700740793	5.418757	5.482501	3.744149	1.769341	0.996015	0.391361
12	NM_001085	SERPINA3	-3.22242478760884	0.000113061620277571	5.815413	6.021752	40.388462	2.824706	1.094085	1.825784
79789	NM_024734	CLMN	-1.09997507950772	0.0490896608353638	0.7766	0.87232	1.275439	0.639285	0.327506	0.359006
624	NM_000623	BDKRB2	-1.40351634433976	0.00755737429392017	2.728667	3.10807	2.62637	0.829371	1.231783	1.012107
7127	NM_006291	TNFAIP2	-1.78480442860896	3.61120700882462e-10	23.10512	23.451164	20.725424	7.125624	6.332043	5.304099
161835	NM_152597	FSIP1	-1.21050523093661	0.0039811240944215	6.070284	5.75618	3.016841	2.239718	1.587816	1.296083
388115	NM_207380	CCDC9B	1.78153697916089	0.00657310885819458	2.017006	2.184196	2.981544	2.480596	9.858802	11.325599
100419583	NR_125376	LOC100419583	-1.03960821906744	0.00821011859737609	3.033317	2.507019	2.418123	1.427584	1.27412	0.980402
90527	NM_001276266	DUOXA1	2.29685750056438	0.0239650930174386	0.063852	0.095571	0.280883	0.274254	0.789755	0.984062
54629	NM_001040453	MINDY2	1.2095169434241	0.00328267247203605	0.875143	0.603643	0.550877	1.196096	1.476181	1.811705
115752	NM_001143688	DIS3L	-1.29782201880461	0.000624219969300752	10.869714	10.382073	9.776124	5.099985	4.085402	2.63431
54852	NM_001104554	PAQR5	-1.08071824413225	0.00133220120043912	8.149071	7.932565	6.478532	4.031107	4.041689	2.240935
257364	NM_153271	SNX33	1.00598032375991	0.0426464760937865	11.395787	14.656951	9.285465	21.307901	25.022867	22.100174
9051	NM_003978	PSTPIP1	-6.68032431800554	0.00314179270012748	0.815024	0.447578	0.260755	0	0	0
100847042	NR_049837	MIR5572	1.21118262899825	0.00158429044789352	0.464483	0.35452	0.321083	0.840285	0.827682	0.889192
51458	NR_110261	RHCG	3.13009750157864	0.0354491448518279	2.102937	3.405483	0.766617	10.612028	10.987703	31.277681
64784	NM_001042574	CRTC3	-1.08473433558293	0.0375979014025754	4.085026	4.9208	5.571239	2.819037	2.357383	1.472593
4122	NM_006122	MAN2A2	-1.17277240942073	0.0327842378148492	1.837195	1.680133	3.397987	0.90492	1.243327	0.816676
10232	NM_013404	MSLN	1.39195688404145	0.00112844914765248	30.648083	50.449432	73.304489	117.815323	127.864075	156.371429
51330	NM_016639	TNFRSF12A	1.39671279558958	0.00515570584964794	77.716057	78.767448	30.849014	90.947067	175.023499	158.88652
79191	NM_024336	IRX3	-1.16362817628593	0.00104158710927852	13.524938	17.251625	15.264525	9.268913	5.558539	4.925455
4493	NM_175617	MT1E	-1.11450505867779	0.0252857010393278	8653.170898	8053.243164	4793.487793	2858.740234	3484.944092	3116.484619
4500	NR_001447	MT1L	-1.45919684577509	0.000124857101076609	19.882069	16.305061	15.447019	7.651593	4.651855	5.568611
4501	NM_005952	MT1X	-2.07960987373197	1.23370884956341e-09	249.710892	153.571121	426.03186	72.926598	60.929131	62.982746
9289	NM_001145774	ADGRG1	-1.99031697681229	0.000421594371448986	7.245417	7.790923	16.186626	3.075805	1.879663	1.838008
1014	NM_004062	CDH16	7.96807658278114	0.000212174416318047	0	0	0	0.29735	0.475921	1.197797
3038	NM_005329	HAS3	1.55758216807244	0.0293969001261383	2.883642	4.420197	1.537515	3.891011	10.957778	10.22655
2303	NM_005251	FOXC2	-2.40541709034993	0.00060823272267881	7.753899	8.437438	7.444277	1.749415	1.701713	0.820475
2300	NM_005250	FOXL1	-2.55945553513121	0.000679661953561441	2.7796	2.631821	3.37842	0.803744	0.176194	0.425724
10381	NM_006086	TUBB3	1.51175052435629	0.00218608682241145	97.963615	117.234779	54.177109	167.503708	248.722275	315.648743
124935	NM_001284498	SLC43A2	-1.32889348736939	0.00345183036680673	1.132148	1.398683	1.843009	0.8466	0.409064	0.440915
407004	NR_029494	MIR22	1.1875922816319	0.00850718464991764	2.885109	3.362881	4.411752	7.103777	6.491137	6.578213
124976	NM_001124758	SPNS2	2.19539786647858	0.0329565259757294	0.389168	0.240966	0.212978	0.88779	0.38903	2.415674
147040	NM_001002914	KCTD11	2.10965161495369	2.34292522449164e-05	11.249075	13.370489	11.866958	40.244572	51.685619	59.883381
146754	NM_001303270	DNAH2	-1.50640482944099	0.0456531723523516	0.192586	0.261096	0.224906	0.146441	0.071543	0.044032
5376	NM_000304	PMP22	-1.17451686253111	0.0174741482089094	1.963876	2.344825	2.605137	1.306974	0.787271	0.678577
136	NM_000676	ADORA2B	-1.68786684632834	4.29826814204582e-05	7.837861	7.033288	5.877357	1.683611	3.018641	1.48717
224	NM_001031806	ALDH3A2	-1.41392093930611	0.00186043454537207	32.450573	33.960896	63.44931	21.001728	15.356354	10.878428
146802	NM_001256663	SLC47A2	-21.5690174924488	0.000107444584312394	0	0	2.656977	0	0	0
218	NM_001135167	ALDH3A1	-4.98275109026343	0.0014675854233577	8.130415	16.077011	201.423264	4.052476	1.639047	0.559284
284110	NM_178171	GSDMA	6.68777812981627	0.0218666402809979	0	0	0	0.234607	0.546337	0.310045
102465523	NR_106927	MIR6867	-1.23571524888348	0.0333650144046374	3.295749	3.679966	5.960252	2.026377	1.600653	1.664437
3885	NM_021013	KRT34	5.80133545689253	0.0169668798209869	0	0	0	0.099022	0.142548	0.166528
6776	NM_001288719	STAT5A	-1.08613243016312	0.0203263257206425	1.238821	1.687485	1.513793	0.738469	0.779004	0.490628
100500827	NR_037408	MIR3614	-1.18530646090265	0.00183321370041742	12.983831	14.372224	24.563602	9.397309	7.09217	5.640059
6662	NM_000346	SOX9	2.01573623445096	0.00640675711922789	1.118677	1.05201	0.504415	1.662442	3.610735	5.067092
83882	NR_110866	TSPAN10	1.369753862237	0.0216280293263867	0.800903	0.981218	0.75139	1.427842	2.395621	2.515701
79755	NM_024702	ZNF750	3.2995923252051	0.031523207240357	0.075668	0.085996	0	0.130477	0.670369	0.820947
8736	NM_003803	MYOM1	-3.89134519639536	0.0278845754230521	0.11253	0.19894	0.727916	0.063296	0	0
55034	NM_017947	MOCOS	-1.50156170861704	0.00102371700740793	14.606874	11.058516	10.000504	3.346817	5.291072	3.739548
5055	NM_001143818	SERPINB2	3.93598964697782	0.0344941461101395	1.571397	1.563357	0.805	3.988187	28.503725	23.84539
126567	NM_001136263	C2CD4C	2.12860548679337	0.00180168437481163	0.719069	0.645759	0.977094	1.859209	3.539127	4.515522
10272	NM_005860	FSTL3	1.20390089291048	0.00361121941924278	80.704094	133.587692	106.428909	217.583282	242.980164	259.436523
5657	NM_002777	PRTN3	-3.85756485571457	0.032978048123884	0.16235	0.54294	2.979498	0.213503	0	0
1675	NM_001317335	CFD	-2.69820587593519	0.00458159960103032	1.403415	2.44591	10.60735	0.993929	0.508131	0.665472
339366	NM_213604	ADAMTSL5	1.49488592880688	3.60950474147971e-05	3.903897	3.834967	3.205468	8.970053	9.792871	11.112078
113177	NM_001031735	IZUMO4	2.96895607021114	0.0101591834458877	2.443966	3.402156	9.439725	23.652586	28.938263	57.781799
116844	NM_052972	LRG1	-2.09842337208202	4.79000204444744e-06	4.723018	3.18809	5.496129	1.260825	0.91685	0.762254
6234	NM_001031	RPS28	-1.22749049575682	8.32473735739384e-06	982.117249	921.899963	1225.505127	428.903992	384.500275	473.216614
51129	NR_104213	ANGPTL4	1.89702159093768	0.00437494773498203	201.200836	247.966431	62.717163	286.058472	875.772278	666.13855
3383	NM_000201	ICAM1	-1.17041062061323	0.041661580836077	11.9717	15.87674	13.429715	7.714777	6.274183	4.063101
1264	NM_001308341	CNN1	1.46766819904818	0.0485854703868746	2.75578	1.152264	1.22162	6.923577	3.716168	4.941395
54831	NM_017682	BEST2	-3.69505077879297	0.000151119207208332	1.138834	1.538956	14.069116	0.471131	0.373688	0.349471
27106	NM_001286826	ARRDC2	-1.08067871657431	0.00355641121995968	18.235479	18.731272	25.109024	10.728896	8.082057	9.246442
9518	NM_004864	GDF15	-3.08804240555496	1.15265451516547e-05	13.238314	5.826662	16.146042	1.50201	0.657421	1.726097
91120	NM_033196	ZNF682	2.74121588834051	0.0132126499540419	0.052839	0.024258	0.037824	0.252255	0.319058	0.204164
653499	NM_001042507	LGALS7B	-3.82928429714556	0.0468349605137457	0.799443	0.641695	4.960733	0.421166	0	0
126432	NM_198445	RINL	-1.02347396017314	0.00827687811231296	2.317744	2.242477	2.6586	1.400748	0.964353	1.03081
29946	NM_013368	SERTAD3	1.08236155720644	3.02392149405767e-05	17.882799	12.157635	15.015121	31.425301	28.331633	32.290092
4680	NM_002483	CEACAM6	7.89330381711571	0.00016430451800349	0	0	0	0.106716	0.994919	1.019132
3991	NM_005357	LIPE	-1.2846488573052	0.0112410832305814	5.464434	6.285493	9.102107	2.913044	1.739315	2.847194
5329	NM_001005377	PLAUR	1.25698131716939	0.0134713441629863	38.779984	39.609451	21.83197	42.180798	90.810463	96.830704
2354	NM_001114171	FOSB	-3.98731170185856	0.00733960442900773	3.834431	14.533657	3.524448	0.61901	0.357968	0.314162
442902	NR_029886	MIR330	-1.13469987113202	0.0181645529094952	59.545452	76.393517	65.315933	40.891426	28.901257	31.913158
93429	NR_027003	LOC93429	1.65257884514962	0.00667726585878348	0.584005	0.47017	0.606139	1.711808	1.502806	1.771179
6820	NM_004605	SULT2B1	9.35006241366675	3.54838879470096e-07	0	0	0	0.553807	2.426779	9.070119
2323	NM_001204503	FLT3LG	-1.42851418434388	0.0170753142154534	8.916592	10.519045	15.223982	6.600762	3.962064	3.243585
4696	NM_004542	NDUFA3	-1.4816326238788	8.32473735739384e-06	50.576584	47.1264	40.366661	12.696229	14.769221	19.694824
28951	NR_027303	TRIB2	-1.21253679946252	0.00186043454537207	6.443265	3.695571	3.85038	2.513851	1.553428	1.496789
3790	NM_002252	KCNS3	-1.11963523729828	0.0484336633372834	4.064065	5.080259	7.392527	3.317673	2.286978	1.595476
6382	NM_001006946	SDC1	1.25922788062464	0.00967690769475639	142.860565	155.872589	76.791336	159.208557	334.704742	366.613831
9540	NM_147184	TP53I3	1.03025343980681	0.00674409395689579	92.062454	70.003174	56.665764	112.867416	118.059807	153.329697
6509	NM_003038	SLC1A4	-2.06565136160914	0.00576035523037096	3.021302	1.714552	0.670943	0.244609	0.465602	0.521504
55577	NM_017567	NAGK	1.22485514952695	0.00499826017066041	11.408713	10.848574	10.536188	17.908167	31.949181	27.836088
150759	NR_103734	LINC00342	2.49702007701969	0.0222587478969727	0.609652	0.38143	0.109974	0.400009	1.507863	2.336993
400986	NM_001310154	ANKRD36C	1.67935586069051	0.035895292325139	0.449961	0.151882	0.416171	0.329062	1.165087	2.841952
375248	NM_001164315	NA	1.85042094281666	0.0277684279743684	0.601424	0.301102	0.635019	0.653559	2.504791	3.193443
57730	NM_025190	ANKRD36B	1.66832845662475	0.0375979014025754	0.501523	0.324995	0.590012	0.596788	1.289248	2.420002
7851	NM_005434	MALL	1.98504186422586	0.0134713441629863	5.341886	5.098757	1.265699	9.037075	16.342104	18.798687
96626	NM_033514	LIMS3	1.2044820793715	0.00808547559545604	1.498404	1.553742	1.218196	2.424869	3.617579	3.393651
3557	NM_173842	IL1RN	3.69176667699798	0.00302946615728317	0.478616	0.281116	0.151469	0.48077	3.243466	8.475163
7849	NM_003466	PAX8	2.46493817573906	0.00394450311106979	0.305383	0.445514	0.071487	0.997488	1.69912	1.766955
29842	NM_014553	TFCP2L1	-1.09887795126524	0.02063518960375	5.421737	7.033373	8.314084	5.01971	2.324009	2.060539
339761	NM_001001665	CYP27C1	1.42111493401225	0.0227511454886509	0.908484	0.640779	0.767946	1.401904	1.923836	1.921109
4929	NM_006186	NR4A2	-3.24141125986852	0.000107279945225328	0.910594	0.97394	0.381233	0.052424	0.063857	0.082492
5163	NM_001278549	PDK1	1.08273889917298	0.00010412426138389	4.29118	2.911174	2.241386	5.686378	6.504131	9.348522
114880	NM_145739	OSBPL6	-1.34891855280638	0.000474033806323551	2.573447	2.199569	2.879806	1.087821	0.951065	0.788953
8436	NM_004657	CAVIN2	-1.3453294928953	0.0372975320519592	11.564983	9.450708	7.300858	5.246301	3.451497	1.966793
4133	NM_002374	MAP2	-3.6807034124383	0.0126979425722131	0.035817	0.061747	0.515561	0	0.024174	0.015762
7277	NM_001278552	TUBA4A	1.37483540111238	0.000696755110945909	68.737877	77.897728	64.515633	102.97374	210.613052	214.313477
151473	NM_152527	SLC16A14	-2.67098285756668	1.12912040802169e-06	1.08223	0.734813	1.013992	0.147976	0.154459	0.111143
3635	NM_005541	INPP5D	-1.48073387449344	0.00167417270538332	28.918636	33.547039	54.765419	17.627743	13.154848	9.542214
54578	NM_001072	UGT1A6	-5.68215583442198	0.0409430849311266	0.136188	0.049981	0.348343	0	0	0
10123	NM_001282431	ARL4C	1.39768767861448	0.0312014283215523	6.837285	5.365174	2.83092	5.336465	17.867119	14.648335
100506749	NR_131900	AGAP1-IT1	-5.11484137926546	0.0331653269184449	0.581454	0.487104	0.21922	0	0	0
57007	NM_020311	ACKR3	1.3887174674933	0.00257724527605255	11.80717	8.371799	7.413255	22.049616	21.236122	25.635468
84532	NM_032501	ACSS1	-2.73174217834436	0.0243638042727836	0.475399	0.451081	1.965515	0.187979	0.122238	0.092294
6676	NM_003116	SPAG4	1.44805345031299	0.00458159960103032	4.110275	4.277871	3.378984	11.051656	10.320355	12.383636
10406	NM_006103	WFDC2	-1.38031771873807	0.0150998912301929	22.73992	42.634163	76.557312	15.357913	17.083363	20.385326
55959	NM_198596	SULF2	-1.1183993228734	0.00153010412605507	10.919858	12.337978	13.068066	6.252907	4.721149	5.154077
56937	NM_199171	PMEPA1	1.49583295474316	0.000302206400870201	19.242945	18.81925	13.043895	26.047531	57.475174	54.030949
1908	NM_207032	EDN3	3.75156298615045	0.0336665029819181	0.054147	0	0	0.502556	0.14768	0.169036
103504731	NR_128711	MIR3648-2	2.61679733992228	0.00818711437779737	1.450349	2.143393	2.507549	16.554958	15.875401	5.273092
NA	NR_128714	NA	2.51039577589773	0.00969037338028012	3.139777	4.692774	6.094102	35.705349	32.634472	15.214084
100008588	NR_003286	RNA18SN5	3.53950056455527	5.32725128555481e-10	76.980057	44.831207	35.804596	809.164734	659.705933	276.992676
100008589	NR_003287	RNA28SN5	2.56520790206051	3.83450889649657e-09	97.235672	73.194206	69.650856	638.115051	439.048553	284.861511
1525	NM_001207066	CXADR	1.21014185042224	0.0375922293348127	0.465357	0.308765	1.017948	0.842759	0.958644	1.431346
6526	NM_006933	SLC5A3	1.08769675385157	0.0252573525332963	55.607597	52.87265	34.364723	76.629143	102.93541	118.563072
11077	NM_007031	HSF2BP	2.01420059351313	7.23667734210894e-05	1.970339	2.190726	2.100322	15.569575	5.647137	13.34067
10950	NM_006806	BTG3	-9.32281961734251	0.003504743016889	10.844526	6.728395	7.612075	0	0	0
101978785	NR_109832	PCAT14	1.47950009454094	0.0409430849311266	3.697805	2.166613	1.895788	8.778014	5.165246	6.581858
56241	NM_019601	SUSD2	-3.13242755318189	2.08113455887418e-09	1.921625	2.034454	3.631311	0.257324	0.176354	0.379535
2687	NM_001099781	GGT5	-9.78774593719417	1.47205247563108e-10	3.481457	2.551041	3.847615	0	0	0
80830	NM_030641	APOL6	-1.1437289856071	0.0484851574480266	1.840781	0.922218	0.768569	0.492422	0.546444	0.466901
80339	NM_025225	PNPLA3	1.51437628760328	0.0448200169943848	0.377298	0.237073	0.206688	0.850841	0.52657	0.876229
440944	NR_132780	THUMPD3-AS1	1.49971945089124	0.036680535247149	1.79229	0.800743	1.462552	1.940033	3.276977	4.61912
6538	NM_014229	SLC6A11	1.61315273618091	0.0346069893915318	0.191301	0.166204	0.073993	0.300301	0.445303	0.51459
5468	NM_015869	PPARG	-1.68130972877539	0.000329010281994358	3.115545	3.683045	4.497693	1.33574	1.084944	0.93406
55287	NM_001284406	TMEM40	1.08300518985786	0.00029343381581671	3.938501	5.793088	5.69994	9.066539	15.033662	10.230832
23171	NM_015141	GPD1L	-1.36906961527099	0.0049804393967239	3.651556	2.985743	4.54859	1.534568	1.300464	1.320934
6769	NM_003149	STAC	-1.70120446418436	0.0259424495476339	0.564745	0.660396	1.216226	0.310109	0.274166	0.13546
9881	NM_014831	TRANK1	-1.31633931239108	0.0301633828643221	0.355236	0.318314	0.409702	0.192795	0.123416	0.099378
25907	NM_015444	TMEM158	1.47447331841515	0.0320839458101007	0.909871	1.070276	0.586589	1.487361	2.583921	2.847129
6997	NM_003212	TDGF1	1.39846426787669	0.0484851574480266	1.844498	1.146738	0.918708	3.263661	2.769022	3.808728
102465494	NR_106881	MIR6823	1.07832301378633	0.00355511698851131	8.602337	7.598602	4.689759	15.496787	11.682667	14.221229
646450	NM_001123040	NA	-2.20900832848196	0.0291046830584089	0.351083	0.518377	0.789253	0.16312	0.105789	0.037975
100847079	NR_049825	MIR5193	-1.72581374798338	0.00344732998430768	1.873432	1.424538	3.08435	0.887822	0.445771	0.402384
54899	NM_001289098	PXK	-1.31548318973855	0.0284757499276659	9.678521	6.370939	8.846096	4.776283	2.065099	2.385135
131566	NM_080927	DCBLD2	1.10691776336014	0.0164504637221	9.5753	8.027222	3.982378	10.65096	17.785942	16.20307
84873	NM_001308362	ADGRG7	2.04678454087705	0.0418852317423426	0.338806	0.102431	0.200753	1.240174	0.501708	0.864256
55211	NM_018189	DPPA4	1.59893683419574	0.0191462861935655	1.805518	0.910395	1.044051	4.455468	3.084927	3.347699
11343	NM_001256585	MGLL	1.37166366098401	0.000383996623958537	5.293458	6.277081	6.048624	8.997151	17.810661	14.867528
5096	NM_001178014	PCCB	-1.02770774264657	1.15265451516547e-05	15.574914	14.861291	13.469171	7.849267	6.435179	6.345315
9435	NM_004267	CHST2	1.54812370603514	0.00048765646071083	2.972893	4.103179	4.200134	12.535111	11.171726	8.311936
285195	NM_173653	SLC9A9	-1.78030250655208	0.0277684279743684	1.938988	1.648779	4.293361	1.406999	0.496765	0.294464
5352	NM_182943	PLOD2	1.60205444960779	2.81470332225345e-06	23.226027	19.344023	13.830053	50.375248	61.528309	52.062748
2122	NM_004991	MECOM	-1.41907661505838	0.00418773323135481	2.1022	1.695973	1.311333	0.728414	0.543968	0.551278
5337	NM_002662	PLD1	-1.20434534698508	0.0375790483176571	3.67352	4.291329	6.889104	2.418875	1.092594	1.464867
8743	NM_001190943	TNFSF10	-2.34604095745073	0.0226690913188764	2.126034	3.548838	21.049744	3.130637	0.921824	1.067593
102724550	NR_110826	LINC02015	-2.65172103638042	0.000839823599989072	5.61996	5.932075	5.202455	1.49209	0.566887	0.558786
27094	NM_171829	KCNMB3	1.2634996271744	0.0284626531991289	1.276986	0.90025	0.878424	1.718913	2.25269	2.831555
27074	NM_014398	LAMP3	-6.28636479677861	0.0452304041634593	0.282211	0.173841	0.174087	0	0	0
604	NM_001134738	BCL6	-2.51815510675891	0.035341544572081	9.811896	10.874426	34.632824	5.379988	1.803634	1.769678
10686	NM_006580	CLDN16	-5.82387983822194	0.0269668891739712	0.088755	0.037933	0.318346	0	0	0
622	NM_203315	BDH1	-1.00456670066775	0.0229695479851025	3.060347	2.936842	2.728935	1.474707	1.175749	1.377659
2261	NM_000142	FGFR3	-1.45402735477628	0.000527752391147362	7.828036	10.32803	15.069672	5.027205	2.961924	3.844816
57732	NM_001172657	ZFYVE28	-1.98884434242916	0.0114049527188295	0.467501	0.777667	1.300458	0.223453	0.12183	0.1943
317648	NR_015453	NOP14-AS1	1.04704020600205	0.000846678879084797	4.286092	4.406789	3.679463	6.49325	10.085335	11.69767
6286	NM_005980	S100P	-2.78548840906411	0.0192046829267116	17.1208	18.482414	61.636215	2.539837	3.088081	7.8226
8842	NM_001145847	PROM1	3.36856321520814	0.0295292524899729	0	0	0.045591	0.206336	0.105557	0.199422
9353	NM_004787	SLIT2	-2.70613389771474	1.21965343690815e-05	0.546874	0.329976	0.462314	0.061791	0.05598	0.06608
55203	NM_018176	LGI2	3.83540992145278	0.0270289624004675	0.015276	0	0	0.08009	0.062113	0.129898
11019	NM_001278592	LIAS	-1.03657609434476	0.0227511454886509	15.058208	12.203862	18.20752	8.547508	6.422494	5.640875
5978	NM_001193508	REST	1.00585383493975	0.0200590001985694	3.401236	2.342761	2.034902	4.17495	5.098268	5.504421
401138	NM_212557	AMTN	-7.99639457056151	0.000151145657188651	0.673779	0.537082	5.61301	0	0	0
5473	NM_002704	PPBP	7.04080246249027	0.00170495181481735	0	0	0	0.176975	1.465333	0.668582
306	NM_005139	ANXA3	1.21570254244115	0.00530216601413491	132.773468	117.373756	66.998711	149.597977	290.379547	268.944946
79966	NM_024906	SCD5	1.3969366173472	0.000670509279269818	3.891526	4.199516	4.259243	9.041455	10.381218	11.883214
8404	NM_001128310	SPARCL1	3.43972888410724	0.0287050475352186	0.063737	0	0	0.382496	0.130417	0.225124
125	NM_001286650	ADH1B	-4.50613901780414	0.0345673581703328	0.238007	0.125353	1.870043	0.081988	0	0
113612	NM_183075	CYP2U1	-1.51355942185586	0.0345082698094886	1.353374	1.650452	3.161511	0.998849	0.627879	0.369348
80216	NM_001102406	ALPK1	-1.00147086244714	0.0477510480971094	1.911259	1.451836	2.162032	1.118572	0.709225	0.806854
401152	NM_001170330	C4orf3	1.14674861913839	0.000786017914772179	18.600481	14.512196	11.700568	26.33972	30.911259	37.444302
100507487	NR_125882	LINC02615	6.23169889585485	0.0034114017034439	0	0	0	0.158312	0.352137	0.306681
23657	NM_014331	SLC7A11	-1.24275473216129	0.0428006315657175	3.612542	1.175227	1.434534	0.902488	0.971117	0.603296
1047	NM_001130675	CLGN	-2.47472667790155	7.52860103951124e-07	2.030362	1.471461	1.131696	0.21311	0.299268	0.257602
1909	NM_001957	EDNRA	5.48975053992899	0.0484336633372834	0	0	0	0.055594	0.054314	0.11683
4306	NM_000901	NR3C2	-2.73347291927167	0.0447186038908759	0.121975	0.119795	0.361443	0.031374	0.019109	0.016462
285533	NM_173662	RNF175	-1.14386494792943	0.0164770069416167	6.028185	3.611393	3.681998	1.871138	1.314575	1.402264
9227	NM_004744	LRAT	3.57167584555053	0.00407109887422294	0.215468	0.169525	0.206596	0.196254	2.465738	4.081718
132625	NM_174900	ZFP42	1.43714638044702	0.0373086395186493	1.768064	0.932781	1.055621	3.839247	2.932869	3.017774
205860	NM_001303419	TRIML2	1.70768183959649	2.69316241062473e-07	9.439172	5.276121	5.867575	18.861256	20.258537	27.02071
134147	NM_138809	CMBL	-1.28778898167544	0.00181422475308467	38.337574	30.027142	28.72159	17.340252	12.626265	8.149613
651746	NM_001164440	ANKRD33B	-1.49769786851479	0.00418773323135481	0.866262	1.078137	1.605967	0.56186	0.342372	0.312095
4651	NM_012334	MYO10	1.34743576638891	0.00227267699916995	3.873092	3.862731	2.276853	4.683516	9.580337	10.109932
3575	NM_002185	IL7R	-2.55991492163121	0.0125598462873788	1.433719	0.906648	0.779736	0.312534	0.079783	0.094847
6507	NM_001289939	SLC1A3	-1.72713781560438	0.00776497306976862	6.346268	6.374779	6.922268	2.652592	2.181898	0.918512
3157	NM_001098272	HMGCS1	1.26974395877089	0.0273376399487783	6.0704	2.560861	1.698783	5.779781	7.59915	8.454925
11174	NM_197941	ADAMTS6	2.69614283621474	0.00253154444682591	0.55709	0.296995	0.113319	0.658866	2.488981	2.793652
4131	NM_005909	MAP1B	1.14458984859031	0.0478931985147711	2.592456	1.447654	0.98229	2.534771	3.760625	4.211257
64283	NM_001244364	ARHGEF28	-1.27644044549894	0.00510311048491563	3.390029	3.435375	4.389072	1.884698	1.531335	1.042642
133746	NM_152405	JMY	-1.24075616869375	0.000266547600479059	1.852696	1.530537	1.52329	0.880383	0.547232	0.555645
100505994	NR_103549	LUCAT1	2.56021150367063	0.0127121221345615	0.471116	0.934266	1.065671	2.588283	4.884273	10.943446
441094	NR_109818	NR2F1-AS1	-7.12383320535097	0.000151119207208332	0.32294	0.252523	0.475054	0	0	0
7025	NM_005654	NR2F1	-2.51361881867441	0.000181182769697971	1.157969	0.687007	1.075663	0.161406	0.166359	0.142986
79772	NM_001002796	MCTP1	-2.00702749478444	0.0232549935813218	3.052363	1.863616	2.16697	0.585157	0.474771	0.352174
153642	NM_198150	ARSK	-1.24559995164137	0.0151217308825137	5.623042	3.689555	5.210917	2.505712	1.93803	1.404962
5122	NM_001177875	PCSK1	-2.2804682508993	0.00834782183972386	1.682396	1.403076	2.289671	0.764386	0.0544	0.229752
51752	NM_001198541	ERAP1	-1.25993179798857	0.0272512101359419	2.69396	2.192782	2.678203	1.361074	1.131741	0.632019
51334	NM_001300783	PRR16	-6.36479214092406	0.0283297345869881	0.249709	0.40429	0.611007	0	0	0
9627	NR_131761	SNCAIP	-4.14822983101385	0.0191462861935655	0.257442	0.205299	0.993867	0	0	0.059151
57507	NM_020747	ZNF608	-1.64116628255867	0.0440300462419467	1.257131	2.332318	3.392783	1.208216	0.422169	0.34554
501	NM_001202404	ALDH7A1	-1.000411198381	0.00418773323135481	25.792858	23.507151	21.268591	14.188473	11.079548	8.620933
2201	NM_001999	FBN2	-1.20717512184199	0.0268067645905222	7.101721	4.120885	3.318665	1.966049	2.095696	1.909102
337876	NM_175856	CHSY3	-1.94064284001813	0.0492575754265898	0.429631	0.463722	0.4286	0.172221	0.072616	0.069511
9542	NM_013982	NRG2	-2.30318277612752	0.00262627898857876	0.986243	1.374797	1.618525	0.244754	0.299415	0.221505
929	NM_001174104	CD14	-1.99321380868964	0.000107444584312394	23.334734	35.497921	36.047039	9.542046	8.081176	5.382851
153769	NM_152550	SH3RF2	-1.65655742120709	0.000488209570756542	10.358348	9.830079	7.850323	4.041646	3.958507	1.854568
404203	NM_001195290	SPINK6	8.97680107768552	0.0016067458592449	0	0	0	0.315157	5.602612	10.050808
26112	NM_015621	CCDC69	-1.73281936764085	0.000342495744131806	4.126234	3.65945	7.301545	1.797254	1.297481	1.26529
2196	NM_001447	FAT2	-1.71604638925756	0.0144585312902622	7.547617	6.448732	4.255511	2.067914	1.524806	1.36503
26999	NM_014376	CYFIP2	-1.47187972216448	0.000361882131127594	4.843736	4.524066	7.554731	2.29442	1.542812	1.701641
348938	NM_001172292	NIPAL4	-1.23135899695118	0.00649261810473326	5.208219	7.465682	11.486343	3.992125	2.964012	3.015151
54492	NM_001308177	NEURL1B	-1.22500932599729	0.000479499441543201	4.34114	4.933595	4.973944	2.504698	1.912655	1.460979
9945	NM_005110	GFPT2	-1.73966780263325	3.64010405931322e-05	10.767501	8.533706	16.127661	4.862584	3.237756	2.449117
5272	NM_004155	SERPINB9	1.58421808988396	0.0164504637221	1.900577	1.105955	1.12998	4.431589	3.442393	3.934043
648791	NM_001145115	PPP1R3G	1.44466236939463	0.0230815196180901	0.617498	0.526092	0.498509	1.096825	1.645051	1.627681
654	NM_001718	BMP6	-3.8004367112564	0.00382340373211139	0.821155	0.51094	0.338352	0	0.119601	0
100616269	NR_039782	MIR4639	-1.5781947809846	0.00681376849666851	1.522418	1.633401	2.380066	0.833509	0.397076	0.45818
6659	NM_003107	SOX4	1.73634726256103	0.00486986254469069	13.717592	11.868094	14.539814	26.881359	46.225872	55.173088
7915	NM_170740	ALDH5A1	-1.41557093900297	0.0140931978750946	0.709617	0.562115	0.628435	0.277215	0.218071	0.17447
285830	NR_026972	HLA-F-AS1	2.07811611457313	0.00253857512709699	0.570327	0.38774	0.367131	1.373069	3.089664	2.820523
4050	NM_009588	LTB	-2.6831631934519	0.039635063600359	0.979124	0.751866	1.40899	0.187542	0.078373	0.122237
629	NM_001710	CFB	-2.27892462029954	0.00361121941924278	2.212343	2.480727	8.445069	1.24893	0.640326	0.727438
5698	NM_002800	PSMB9	-1.80436967393372	0.00165990556751722	2.781804	2.977493	4.996811	1.388629	0.850557	0.705163
5467	NM_001171818	PPARD	1.92786064033474	4.94266411402448e-05	9.666121	9.903209	7.586911	15.999258	43.996304	45.859829
51513	NM_016135	ETV7	-4.29247303231839	0.00158429044789352	0.414763	0.650831	2.061438	0.053158	0	0.054638
8645	NM_003740	KCNK5	-1.56899723409168	1.12912040802169e-06	2.308172	2.499149	3.474351	0.894378	0.906666	0.852559
7422	NM_001287044	VEGFA	1.70771776685788	0.0390618837567696	26.659792	28.388838	20.595387	28.740116	98.143089	110.150833
2729	NM_001197115	GCLC	-1.42571693117383	0.000319922058408282	9.635636	10.501228	14.697166	5.437083	3.94491	3.124686
56479	NM_001160133	KCNQ5	-1.67969459371783	0.00997067138745308	1.314171	0.731488	0.533139	0.25782	0.29642	0.197339
100133941	NM_001291738	CD24	2.17445612003951	1.23370884956341e-09	9.42129	6.389163	10.561169	29.224848	36.270199	48.086411
27244	NM_001199934	SESN1	-1.34236450305721	0.00168746173371062	6.471329	4.252828	7.181564	3.120286	1.690444	1.656008
135112	NM_001199622	NCOA7	-1.34258120097954	0.0277684279743684	7.092168	9.009241	6.348303	2.104532	2.603233	2.035725
154091	NM_145176	SLC2A12	-1.90318963544104	0.0252857643167929	0.568278	0.724989	1.364995	0.42954	0.150836	0.095376
100130476	NR_049793	WAKMAR2	1.75305218250793	0.00190701348976245	1.027712	1.112975	0.850893	2.53986	3.402713	4.429516
154043	NM_173515	CNKSR3	-2.09059719251318	0.0172667203774975	2.137508	3.470262	4.52322	1.431657	0.436195	0.435751
6648	NM_000636	SOD2	-2.06504195686743	0.00127989606487875	230.8116	239.427979	550.38501	138.72345	62.553288	59.951488
28514	NM_005618	DLL1	-2.36804408616498	0.0140931978750946	0.518982	0.693021	2.442002	0.271909	0.221206	0.183145
8870	NM_003897	IER3	1.65844525348853	0.0454299818086271	22.696243	14.170895	6.559321	13.82715	57.164764	58.419193
3126	NM_021983	HLA-DRB4	5.15434453614275	0.0357303440770087	0	0	0	0.090233	0.286068	0.257937
6046	NM_001199456	BRD2	1.1702543347751	0.0282558782449164	5.718081	4.912764	4.433997	6.660649	6.767676	6.81892
3382	NM_022307	ICA1	-1.25578094722182	0.00116998221722676	4.153768	3.285541	5.19917	2.231646	1.236706	1.570163
10124	NM_001195396	ARL4A	-1.015157299806	0.017708066693288	7.790525	6.847276	10.629812	5.037959	3.774321	3.273126
222901	NR_026673	RPL23P8	-1.3960508752854	0.00809191109177844	8.051214	6.200656	8.835499	3.030302	2.145334	3.206756
55536	NM_001127370	CDCA7L	-1.0766252207085	0.00347484034323816	22.243128	21.158607	26.349201	12.657456	11.964953	7.366748
10457	NM_001005340	GPNMB	-5.44358210445571	0.0263830042979027	0.122303	0	0.29821	0	0	0
3203	NM_024014	HOXA6	-1.437095410629	0.0019015017510271	10.6106	17.319727	11.079194	6.022801	4.465245	3.315003
54504	NM_019029	CPVL	-1.88931633687376	4.65999712396529e-08	29.084806	20.465855	25.926517	7.43201	5.301148	5.795338
816	NM_001220	CAMK2B	-5.28328388395675	3.02392149405767e-05	0.690218	0.858176	2.107229	0.070613	0	0
171022	NR_026690	ABHD11-AS1	1.62520428005218	0.0214631974275269	1.665614	3.356918	1.798975	5.665628	6.083556	8.724714
79689	NM_001205315	STEAP4	6.26477803096213	0.0419007897916608	0	0	0	0.040473	0.123516	0.21238
10142	NM_005751	AKAP9	1.01681862056751	0.0223111521172662	5.261974	3.246095	2.628959	5.967742	6.495645	8.918985
5166	NM_002612	PDK4	-3.57222088038603	0.0175498844537331	4.690509	9.267695	32.36132	3.198058	0.349965	0.275686
100216546	NR_039981	LINC01004	1.96504653494134	0.0423829488294107	0.106359	0.057339	0.113264	0.128832	0.344578	0.56615
3912	NM_002291	LAMB1	-1.58932696291756	0.0166330172422509	225.160767	241.350296	367.185181	146.898041	64.520317	57.0266
83992	NM_033427	CTTNBP2	6.74526443845864	0.00294945790521709	0	0	0	0.085239	0.127108	0.190822
93664	NM_017954	CADPS2	-1.99822334166786	0.00401020345394655	3.168636	1.440251	1.953252	0.731659	0.242187	0.272456
135932	NM_001282876	TMEM139	1.15905405195524	0.0279071756977748	2.226181	2.457027	3.924062	4.991698	5.968846	6.102041
1804	NM_001936	DPP6	1.7203140945459	0.0139546856205449	0.442668	0.369481	0.177657	0.937031	1.379365	1.427159
100128890	NR_027423	FAM66B	-6.09600991577329	0.0272512101359419	0.410054	0.466978	0.421657	0	0	0
57604	NM_020844	TRMT9B	-2.52345092674835	0.00347484034323816	0.28252	0.245416	0.545566	0.096498	0.035263	0.040506
6542	NM_003046	SLC7A2	-1.74159693476678	0.0157353492988696	43.971031	44.680969	53.317726	24.620766	9.831818	6.602309
64236	NM_176871	PDLIM2	1.36555959518984	0.000187349126298791	10.091108	10.101612	8.987164	17.52681	24.067688	25.987833
541565	NM_001198827	C8orf58	1.07166811119304	0.0194586487211302	9.513347	10.769539	7.371119	12.144797	19.850094	22.047892
6781	NM_003155	STC1	1.4285862588192	0.0488957043836569	6.979809	9.774692	4.740607	8.5132	26.140917	21.089853
665	NM_004331	BNIP3L	1.37746836880631	0.000119564387463816	22.542976	23.867657	21.010019	53.893929	56.81089	57.851063
51435	NM_182826	SCARA3	-1.0543810239702	0.00820753577968457	6.532679	8.784358	10.341343	3.030799	5.110395	2.792984
1846	NM_057158	DUSP4	1.4145050469904	0.0345778742421484	33.033333	33.506706	18.498652	46.084621	81.7071	89.941002
6422	NM_003012	SFRP1	-1.12431427080471	0.0227511454886509	63.160011	59.5224	50.647545	32.624146	26.865679	16.984571
1052	NM_005195	CEBPD	-1.33718218762502	0.048806242850913	152.398849	266.750549	616.611938	201.296356	110.497078	89.723312
90362	NM_147189	FAM110B	-1.2485388136763	0.0327153201859201	0.719763	0.522964	0.839237	0.402049	0.206081	0.22214
56704	NM_020647	JPH1	-1.31000437843378	0.00129340766379765	3.068585	2.082253	2.113249	0.797277	1.196753	0.945409
83690	NM_001286778	CRISPLD1	6.72107934245263	0.0177821322656474	0	0	0	0.287785	0.104063	0.156891
3574	NM_000880	IL7	-1.99627941742953	0.00780224198020453	1.186715	0.963536	0.77188	0.178271	0.406808	0.093539
760	NM_001293675	CA2	2.0752365862921	0.00823006111862548	14.810739	15.014496	9.287561	29.863844	50.378754	77.35244
793	NM_004929	CALB1	1.44328437804677	0.0030931713215972	44.833969	44.839298	55.258381	89.896538	153.776871	184.88945
203111	NM_001170806	ERICH5	-1.58763746713749	0.0158940341931659	1.971938	1.453266	1.499763	0.358152	0.399906	0.560627
169166	NM_152628	SNX31	-5.94249633822401	0.0492734711068894	0.059164	0	0.592159	0	0	0
284	NM_001146	ANGPT1	-5.14423046104	0.0157353492988696	0.144128	0.066621	1.287506	0.031645	0	0
4856	NM_002514	CCN3	-2.61484098327745	0.00492821619209748	1.612285	2.011536	1.47993	0.392432	0.064994	0.314187
3037	NM_005328	HAS2	3.34176260692959	0.000802087191140436	0.428152	0.063453	0.074077	1.083868	2.491392	2.043476
84985	NM_001288587	FAM83A	1.50674083572337	0.000786017914772179	81.4133	104.286972	69.298927	120.004433	284.953705	269.143677
10397	NM_001258433	NDRG1	1.16431016336464	4.29826814204582e-05	873.90094	1054.706787	637.210266	2013.718384	1844.388794	1671.520874
8629	NM_003724	JRK	21.9201316884332	7.72727745576486e-05	0	0	0	0	0	1.494327
51337	NM_016647	THEM6	-1.40026066984243	0.0327153201859201	11.683382	14.749031	27.406034	5.1694	7.934404	6.656471
4061	NM_001127213	LY6E	-1.20954016263482	7.60929183563286e-05	109.992615	135.396683	154.288345	61.904976	58.297184	46.851967
100507316	NR_120683	MINCR	-1.52724629107038	0.0214304204347948	6.395522	6.674673	14.494332	4.206651	2.899787	2.236045
7436	NM_003383	VLDLR	1.55897904970422	0.0229695479851025	2.133046	1.406815	0.594668	3.484854	4.056932	4.084815
5789	NM_002839	PTPRD	3.32445267171138	0.031523207240357	0	0.045116	0	0.132405	0.155493	0.183579
360	NM_004925	AQP3	-1.85007934886209	0.00183321370041742	20.258686	33.44479	52.693226	11.632691	7.9809	8.956548
80256	NM_001317991	FAM214B	1.1971008408424	0.0113269055157161	11.574122	8.613261	5.558051	11.762115	21.172501	24.257614
203260	NM_001195201	CCDC107	2.10342174929108	1.58074174064452e-06	5.79543	6.023052	4.284669	14.905534	23.866409	28.926405
1842	NM_001393	ECM2	-4.01080887085316	0.0305477428626193	2.201748	0.530092	0.449999	0.126371	0.034255	0
4814	NM_004148	NINJ1	-1.62122666632217	0.000205580780675614	39.529076	49.730553	74.245888	25.260429	13.589333	12.704842
8577	NM_003692	TMEFF1	1.03053006370763	0.00780224198020453	19.651922	15.141856	10.703252	24.126965	35.450394	32.103008
64420	NM_001282643	SUSD1	6.3693112106131	0.00554114933012019	0	0	0	0.20995	0.113922	0.274037
727	NM_001317164	C5	-3.38979691627652	0.00246683609650963	1.165638	0.948297	1.282042	0.263563	0	0.03343
445	NM_000050	ASS1	-1.54409596719992	0.00112844914765248	169.760605	231.087967	327.266174	130.85112	52.81435	64.96669
158067	NM_001317959	AK8	-5.98437909199103	0.00901095001891002	0.130618	0.184204	0.41189	0	0	0
9022	NM_004669	CLIC3	1.21054949288118	0.036601057146894	3.832949	7.383911	6.354109	17.16061	8.176441	14.440092
4935	NM_000273	GPR143	-1.18457916618653	0.0417490521365524	2.166649	1.445531	2.40204	1.06336	0.597206	0.848448
1183	NM_001830	CLCN4	-1.67789426299291	0.00344732998430768	0.916077	0.942056	1.133415	0.455218	0.290339	0.146337
8544	NM_003662	PIR	-1.29311471610039	0.00818711437779737	21.961866	18.344597	34.551033	11.780016	9.646205	8.096022
7102	NM_004615	TSPAN7	-1.6592037000611	0.00541353964026106	1.931574	1.921311	4.568305	1.010821	0.685639	0.832267
158584	NM_174912	FAAH2	-1.1765023006815	0.0428006315657175	2.727466	2.770246	6.473735	1.938503	1.150929	1.706558
546	NM_000489	ATRX	1.20105890308917	0.000731400722625341	3.994101	3.104084	2.68549	6.521241	6.825263	14.131333
5230	NM_000291	PGK1	1.13475516191706	0.00765581553375284	305.14328	274.026978	141.201721	427.503357	544.602356	536.376465
203447	NM_198465	NRK	1.69172187403313	0.0342393377378113	0.279946	0.135491	0.228315	1.23021	0.403158	0.566112
100423009	NR_036255	MIR4329	1.55203358219573	0.0268401281316774	1.189773	0.627106	0.574361	4.236479	1.64679	1.921311
90293	NM_001168301	KLHL13	-1.43565299439761	0.0151731796410578	0.87596	0.706455	0.889361	0.275218	0.391143	0.192336
139818	NM_144658	DOCK11	-1.31274393070682	0.0145312360822558	1.317548	1.149655	0.88342	0.568791	0.396918	0.321509
494336	NR_029946	MIR424	4.97968056866954	0.00746464673320133	0.100231	0	0.19173	0.435363	1.608133	3.628274
139065	NM_001184749	SLITRK4	-1.83734508816466	0.000460163428944176	0.426023	0.322194	0.424098	0.110925	0.07545	0.122172
6535	NM_001142806	SLC6A8	1.57590689410853	0.00162220764566764	83.606728	122.798798	54.758263	252.170197	225.499908	273.886414
